0.11124087870121002
0.13987396657466888
0.026449643075466156
0.03279625251889229
0.07335003465414047
0.13431906700134277
0.03713405877351761
1.2874717712402344
0.27647072076797485
0.11332900822162628
0.08188925683498383
0.06043510138988495
0.0379105806350708
0.03312636539340019
0.05759239196777344
0.05565734952688217
0.05834633857011795
0.09004225581884384
0.050872523337602615
0.11963515728712082
0.06525267660617828
0.039746664464473724
0.029299721121788025
0.06056930869817734
0.14528128504753113
0.05776186287403107
0.18093204498291016
0.09172751009464264
0.0388575941324234
0.0366203710436821
0.05386880040168762
0.09347334504127502
0.2564438581466675
0.026854626834392548
0.19175735116004944
0.04883836954832077
0.057490091770887375
0.08519206941127777
0.06098964437842369
0.07741452753543854
0.2987414300441742
0.12590409815311432
0.03219075873494148
0.0743829533457756
0.3031298816204071
0.1308521330356598
0.04868395999073982
0.06296981871128082
0.07164758443832397
0.15103638172149658